1:
0 2 3 5 2
999999999 0 -1 6 999999999
999999999 999999999 0 -1 999999999
999999999 7 2 0 1
999999999 999999999 999999999 999999999 0

-1 -1 -1 -1 -1
-1 -1 -1 -1 -1
-1 -1 -1 -1 -1
-1 -1 -1 -1 -1
-1 -1 -1 -1 -1

2:
0 2 1 0 1
999999999 0 -1 -2 -1
999999999 6 0 -1 0
999999999 7 2 0 1
999999999 999999999 999999999 999999999 0

-1 -1 1 2 3
-1 -1 -1 2 3
-1 3 -1 -1 3
-1 -1 -1 -1 -1
-1 -1 -1 -1 -1

3:
0 2 1 0 1
999999999 0 -1 -2 -1
999999999 6 0 -1 0
999999999 7 2 0 1
999999999 999999999 999999999 999999999 0

-1 -1 1 2 3
-1 -1 -1 2 3
-1 3 -1 -1 3
-1 -1 -1 -1 -1
-1 -1 -1 -1 -1

4:
0 2 1 0 1
999999999 0 -1 -2 -1
999999999 6 0 -1 0
999999999 7 2 0 1
999999999 999999999 999999999 999999999 0

-1 -1 1 2 3
-1 -1 -1 2 3
-1 3 -1 -1 3
-1 -1 -1 -1 -1
-1 -1 -1 -1 -1

Start node: 1
End node: 4

The lowest cost path is: [1, 2, 3, 4]
The cost of the path is: -1